19.263126415877224,-241.69203924920956,1.0,0.0,-40.736873584122776;-244.93625430904723,-27.470601793853902;-247.48398397788844,-5.206814846154444;-251.75964721200225,12.959358627180038;-252.09429273741208,31.125532100514523;-252.4289382628219,48.748356605812816;-249.94895246474428,66.3711811111111;-247.4689666666667
142.06555731709457,-201.66085466621468,0.81915,0.57358,94.86104796709111;-238.85265092819148,99.00525555555554;-237.5993,116.44058807451006;-229.14160024946946,133.8759205934646;-220.6839004989389,147.30097473978796;-210.72750749274192,160.7260288861113;-200.77111448654492,174.15108303243466;-190.81472148034794,190.04959991001806;-173.4848774827758
224.2348309348209,-106.85015433806893,0.42262,0.90631,200.56962494140856;-162.01774541955768,205.94811678760146;-156.1550334852037,218.83984798425232;-135.95571051370587,231.73157918090317;-115.75638754220805,238.21069965004523;-100.21965410838709,244.6898201191873;-84.68292067456615,251.16894058832935;-69.14618724074519
-108.35508608930945,-206.1756499199359,0.86603,-0.5,-161.56787084474533;-178.34243057543617,-151.44287180658844;-187.3268356971526,-137.4232469198782;-199.76713215170233,-123.0024156875866;-208.51957605373144,-108.581584455295;-217.27201995576056,-94.16075322300338;-226.02446385778967,-71.94757098227836;-234.61639230078214
-200.83314220303254,-118.66386858530609,0.5,-0.86603,-237.60030048047116;-70.6090685029987,-236.17039626980554;-75.03902623335007,-225.33666081800988;-95.96231359194387,-214.5029253662142;-116.88560095053766,-202.82932410414577;-132.07248156304283,-191.15572284207732;-147.259362175548,-179.48212158000888;-162.44624278805318
-243.72369711338425,2.106904451736696,0.08716,-0.99619,-248.35959777652963;61.93024919541034,-249.30918737072702;57.47019237738533,-253.2517208590984;38.95279973476179,-253.71761642578758;19.85388668035176,-254.18351199247678;0.7549736259417291,-251.32563386076538;-18.092924205442817,-248.46775572905395;-36.940822036827356,-242.31907599942974;-55.989924135088714
-209.48649977266496,124.75884217783003,-0.64279,-0.76604,-175.7925037818148;174.81055260945425,-175.99219054282824;174.68098064936882,-179.6897364848208;171.26680025695782,-183.3919033495834;168.62709938739184,-186.94197419950433;165.0913611551147,-190.49490328492598;162.29342950034513,-193.89200307661108;158.6396896416022,-195.60796083115898;157.17922548951063,-198.84670136248653;153.41120186376588,-200.5200461046392;151.9086781150245,-203.05325545014782;148.73734399223974,-206.50122001585999;145.38073914249614,-208.92192370106696;142.1374186393651,-212.15977475544503;138.62313642016338,-224.53530489006226;121.00885448660486,-230.39950061792328;110.2297080993432,-236.26369634578433;99.45056171208154,-240.81517511406997;87.7190733660452
-112.0421688798485,201.88659442890082,-0.90631,-0.42262,-59.36418813973971;230.89077810556543,-63.65853045729783;229.4545929433997,-83.0580393371048;222.96668752128969,-102.45754821691177;216.4787820991797,-119.6535531928934;208.10926090827957,-136.84955816887503;199.7397397173794,-148.85504995768713;192.84110090244067,-159.98581712011074;185.79714392109378
12.716673297981401,235.52181906912398,-0.99619,-0.08716,72.0299986951769;245.9869553078553,58.0861989694842;246.95119805815045,36.512649343232034;248.44305388184796,17.633482094040207;246.17430725254107,-1.2456851551516195;243.90556062323418,-20.124852404343446;241.6368139939273,-31.817993105132512;238.75981597732243,-43.511133805921574;235.8828179607176,-44.25902157749085;235.94249836550966
138.76975678187802,213.2488291507659,-0.86603,0.5,193.24763442730065;187.60682659729667,191.6328376476856;189.44352498291616,177.07383293543126;200.8721452827476,162.5148282231769;212.30076558257903,142.9347793788704;222.6469134513404,123.35473053456387;232.99306132010176,110.25795509200132;237.3424531276118,97.16117964943878;241.69184493512182
228.94244556916982,122.45441543374311,-0.42262,0.90631,258.2562091071905;69.92079439506794,257.4484472135114;75.65473021505737,250.65070846878857;95.77033350258958,243.85296972406576;115.8859367901218,232.4680144052216;135.91612980698358,221.08305908637746;155.94632282384535,206.35794836703153;172.69492390338075,258.30056716216205;-37.721633949498354,261.8663804490784;-22.009357303874935,262.65095092905244;-5.477607610805073,263.4355214090264;11.05414208226479
254.80846004361433,3.470748851298282,0.0,1.0,254.03228365260227;-56.52925114870172,264.22009188900046;27.585891775334655,261.9628769971708;43.60883792190889,259.70566210534105;59.63178406848313,205.94811678760146;-156.1550334852037,218.83984798425232;-135.95571051370587,231.73157918090317;-115.75638754220805,238.21069965004523;-100.21965410838709,244.6898201191873;-84.68292067456615,251.16894058832935;-69.14618724074519,254.7347538752457;-53.43391059512177,258.30056716216205;-37.721633949498354,261.8663804490784;-22.009357303874935,262.65095092905244;-5.477607610805073,263.4355214090264;11.05414208226479
-223.81995068212888,-89.62983623835375,-0.5,0.86603,-256.8859365220931;-39.43817459381732,-254.36886428610123;-49.84658433947623,-244.55635174423074;-71.6783183764646,-234.74383920236025;-93.51005241345298,-225.13560938188525;-107.4839960261538,-215.52737956141027;-121.45793963885464,-205.91914974093527;-135.43188325155546
-254.3888768791997,23.240045104676938,0.08716,0.99619,-238.61854074357973;82.08920079226601,-238.8349334214309;81.88327951988934,-247.09279377967468;71.35698738534195,-253.4130056460116;60.51213737642303,-259.4554894742743;45.53737524484862,-262.84663983613353;31.7084091189783,-264.70602877464205;12.979590675987028,-263.878566622345;-0.4824201696297834,-263.0511044700479;-13.944431015246595,-258.7099843780746;-31.895507677361415
-189.13597672776007,100.83808852801053,0.93969,0.34202,-130.68312285557278;115.66802927663434,-137.4700249102753;116.45209780717722,-149.99490166356065;116.14246879996303,-162.519778416846;115.83283979274883,-174.48815088239826;113.84354790232541,-186.4565233479505;111.85425601190198,-199.52384149004118;107.8269454307479,-218.2898560801797;98.79836668347994,-229.21891008796737;91.03397620562421,-238.8349334214309;81.88327951988934
-73.32677555808797,102.60168042399539,0.99619,-0.08716,-12.924944722380392;104.57755190430211,-17.567951604565685;104.43425709065187,-30.096554819435738;104.04759303683343,-51.57124883760365;106.52849399090219,-73.04594285577156;109.00939494497095,-94.52063687393947;111.49029589903971,-115.99533089210739;113.97119685310847
37.19164992362954,173.14535626338954,0.25882,0.96593,55.73956449675583;230.29229464213694,53.490924966409125;229.206941385609,49.511148529522536;226.39575353148143,45.9787675245806;222.94488720914265,41.83235614134077;217.32663200896178,38.2515007458016;210.19750007948932,34.50116893023202;198.50050253824242,31.703738621597743;177.9561175249174,28.906308312963468;157.4117325115924,26.108878004329195;136.86734749826738,23.900134248724815;128.40428232627923,22.983513565884817;125.81612709113058,21.828662166532066;123.49401791080312,21.184958746902605;121.79128389951677,18.335464552585783;117.57211963701961
132.42561230681167,196.07205091119266,-0.81915,0.57358,183.27974292835688;164.09240860260232,169.08681088371904;177.08302333190463,154.78529105334175;190.17302711516794,140.48377122296446;203.26303089843125,124.77189207047456;213.07617224142416,109.06001291798466;222.88931358441704,91.09130456125277;230.24982563235608
212.37511159145845,110.83177593859136,-0.57358,0.81915,246.46992775271215;61.458718891374005,240.8324662892087;72.54190590555689,232.55635534761402;88.81264866976821,224.28024440601934;105.08339143397954,216.00413346442465;121.35413419819086,205.13219921431522;135.56709598167436,194.26026496420576;149.78005776515784
255.8770450257515,-0.2745135084544472,-0.08716,0.99619,247.6032890509569;59.23054308841653,266.53467422926803;-41.88792018275095,265.2464184633251;-25.524348907716885,263.9581626973821;-9.160777632682816,262.66990693143913;7.202793642351254,258.1494636978939;23.55891680868269,253.62902046434863;39.915039975014125,249.10857723080338;56.27116314134556,240.8324662892087;72.54190590555689,232.55635534761402;88.81264866976821,224.28024440601934;105.08339143397954,216.00413346442465;121.35413419819086,205.13219921431522;135.56709598167436,194.26026496420576;149.78005776515784
241.76830985787262,-117.84730657411141,0.42262,0.90631,217.80940260205597;-172.87794227883361,220.90434464887127;-169.5376170305284,229.15236982260123;-157.63745872639157,237.40039499633116;-145.73730042225472,245.22744055020132;-129.37211774135667,253.0544861040715;-113.00693506045863,257.95213307608356;-95.3178682880803,262.8497800480956;-77.62880151570198
46.00960940355384,170.20603643674815,0.17365,0.98481,57.686146870087704;229.07289683107433,56.58453656062791;228.44699950607625,52.865941413795625;225.35040286818102,49.66885041078807;221.6060894466587,47.00159875077581;217.2791031691399,46.44676737512125;215.97680223416162,45.75444952563757;214.75998155121403,44.63142075115533;212.120629275986,42.67882047974178;206.45974976893172,40.127357784434054;195.7851995843216,37.516780932328736;177.26978873576093,34.906204080223425;158.7543778872003,32.29562722811811;140.23896703863963,28.819168138738767;127.99067114458275,26.91159483195094;124.24030017303315,23.609156893904185;119.65903884147983,19.779619649607536;115.77034530894686
112.43823748565,212.5322419403846,-0.86603,0.5,164.92449363860254;183.4406314646676,153.03799001527415;195.23206296318565,137.37541111344967;206.53172770815542,121.71283221162518;217.83139245312518,102.31622699676475;227.580484582727,93.60902518996475;230.6895754038029,85.42265733712581;232.72190874355059,77.6973422908824;233.66979590484323,74.20451353879272;233.72193891661757,70.87420857577543;233.51086800846693,65.61082629234969;232.55628966649428,60.82671358730469;230.85725949580652,56.58453656062791;228.44699950607625,52.865941413795625;225.35040286818102
-30.41270608912322,106.71672818129338,-1.0,0.0,22.681181022652595;118.71672818129338,19.779619649607536;115.77034530894686,15.426446126366221;112.52190724013987,10.536506984130847;109.90943752842506,5.105066521407421;107.91837380492457,-1.5609754794728397;106.40555789666725,-8.876842003765574;105.58507154314498,-29.823609428075425;106.16492545174462,-51.06910410064309;109.33964693547203,-72.31459877321075;112.51436841919944,-93.56009344577842;115.68908990292687
200.02996831956443,132.5827426557379,-0.57358,0.81915,235.1140139780072;83.90235759167099,226.86472775866838;99.93778517757706,216.18762494377427;120.6925395239756,205.3075146595788;135.45062042647356,194.42740437538333;150.20870132897156,183.54729409118787;164.96678223146952,168.29264205323102;180.0994225973276
244.70762968451413,27.94295682730322,-0.17365,0.98481,261.16093399038976;-30.081623775335558,259.94651641129565;-14.310242739720017,258.4898975140414;4.606554948115982,254.4555183476253;23.495804821346525,250.42113918120916;42.38505469457707,243.9814848773858;60.78404276287779,237.54183057356246;79.18303083117851,238.20981419774617;-138.53542089672507,245.27402966372807;-120.15318275884879,252.33824512971;-101.7709446209725,255.66136527054493;-86.0034244084573,258.98448541137986;-70.23590419594213,260.19381035996486;-51.73147231174907
-152.10054691207816,114.94682369588935,-0.99619,0.08716,-91.82927730272266;115.43045345889827,-93.56009344577842;115.68908990292687,-114.80558811834608;118.86381138665428,-136.05108279091374;122.03853287038169,-149.72187223718512;122.15425311081206,-163.39266168345648;122.26997335124244,-178.20551582916016;120.02066960344784,-193.01836997486382;117.77136585565324,-211.4568236388565;111.32129458910123
-21.84400093049811,-113.6099831120251,-0.25882,0.96593,-0.633708942729978;-146.40325508538447,-4.5599968649427405;-143.72415290866363,-10.91255166666668;-137.53313333333335,-15.952123333333347;-130.52776666666668,-19.71175666666668;-122.75970000000001,-22.079280000000015;-114.4605,-22.98404000000001;-105.87756666666667,-22.398990000000012;-97.26679333333334,-20.34154666666668;-88.88488,-16.87302000000001;-80.98173,-12.089003000000014;-73.78312666666667,-6.1365996666666796;-67.51614666666667,0.8062289999999869;-62.36813333333334,8.531906666666654;-58.492963333333336,16.809449999999988;-56.00645666666667,25.39139333333332;-54.98287666666667,34.02115999999999;-55.45277333333334,42.440766666666654;-57.40200666666667,50.39852999999999;-60.77221333333334,57.656586666666655;-65.46255000000001,63.99801999999999;-71.33270333333333,69.23335333333333;-78.20707000000002,73.20616999999999;-85.88006333333334,75.79783666666665;-94.12223
59.72329998673206,-152.73820864427574,-0.99619,-0.08716,61.978752076557406;-140.4950805416556,60.84465413027555;-141.7306821442563,52.76670194236498;-147.80421079369827,44.458304555368436;-151.79567138221614,37.23979916251291;-153.89151340734236,29.287808376134812;-154.87859952822353,18.97360092488593;-154.2985175420666,11.622997718664067;-152.51989774183193,2.321344800767838;-148.41963571599055,-4.5599968649427405;-143.72415290866363,-10.91255166666668;-137.53313333333335,-15.952123333333347;-130.52776666666668,-19.71175666666668;-122.75970000000001,-22.079280000000015;-114.4605,-22.98404000000001;-105.87756666666667,-22.398990000000012;-97.26679333333334,-20.34154666666668;-88.88488,-16.87302000000001;-80.98173,-12.089003000000014;-73.78312666666667,-6.1365996666666796;-67.51614666666667,0.8062289999999869;-62.36813333333334,8.531906666666654;-58.492963333333336,16.809449999999988;-56.00645666666667,25.39139333333332;-54.98287666666667,34.02115999999999;-55.45277333333334,42.440766666666654;-57.40200666666667,50.39852999999999;-60.77221333333334,57.656586666666655;-65.46255000000001,63.99801999999999;-71.33270333333333,69.23335333333333;-78.20707000000002,73.20616999999999;-85.88006333333334,75.79783666666665;-94.12223
73.86965844839187,-80.50148458473612,0.0,-1.0,61.869658448391874;-69.3625164686323,76.93104666666666;-102.68713333333334,76.57208666666666;-111.31863333333334,74.73189333333332;-119.75876666666667,73.79629666666665;-122.43273333333333,70.88523999999998;-128.92430000000002,66.60144923494254;-135.45864428324606,60.84465413027555;-141.7306821442563,52.76670194236498;-147.80421079369827,44.458304555368436;-151.79567138221614,37.23979916251291;-153.89151340734236,29.287808376134812;-154.87859952822353,18.97360092488593;-154.2985175420666,11.622997718664067;-152.51989774183193,2.321344800767838;-148.41963571599055,-4.5599968649427405;-143.72415290866363,-10.91255166666668;-137.53313333333335,-15.952123333333347;-130.52776666666668,-19.71175666666668;-122.75970000000001,-22.079280000000015;-114.4605,-22.98404000000001;-105.87756666666667,-22.398990000000012;-97.26679333333334,-20.34154666666668;-88.88488,-16.87302000000001;-80.98173,-12.089003000000014;-73.78312666666667,-6.1365996666666796;-67.51614666666667,0.8062289999999869;-62.36813333333334,8.531906666666654;-58.492963333333336,16.809449999999988;-56.00645666666667,25.39139333333332;-54.98287666666667,34.02115999999999;-55.45277333333334,42.440766666666654;-57.40200666666667,50.39852999999999;-60.77221333333334,57.656586666666655;-65.46255000000001,63.99801999999999;-71.33270333333333,69.23335333333333;-78.20707000000002,73.20616999999999;-85.88006333333334,75.79783666666665;-94.12223
23.60493795696223,-60.937371818610785,0.99619,0.08716,-13.728133612559077;-76.24955834768605,-12.089003000000014;-73.78312666666667,-6.1365996666666796;-67.51614666666667,0.8062289999999869;-62.36813333333334,8.531906666666654;-58.492963333333336,16.809449999999988;-56.00645666666667,25.39139333333332;-54.98287666666667,34.02115999999999;-55.45277333333334,42.440766666666654;-57.40200666666667,50.39852999999999;-60.77221333333334,57.656586666666655;-65.46255000000001,63.99801999999999;-71.33270333333333,69.23335333333333;-78.20707000000002,73.20616999999999;-85.88006333333334,75.79783666666665;-94.12223
122.43192489623073,-105.50216330221738,0.57358,0.81915,101.70564216519017;-114.1808578737364,101.4571420898698;-117.77464315341662,99.27654312682806;-127.00069181068865,95.95007625631489;-135.87936067535233,93.22400047773401;-140.48017838252863,93.07142199296585;-141.51504331770215,91.52380557043068;-143.42908608847517,90.69408461618265;-145.6973102213002,90.55325299081777;-145.93209836029732,88.70532747925544;-150.04707577932274,88.53349688729604;-150.3056649534848,87.40964031685701;-152.5672956907474,89.19300925465838;-152.11103540372673,92.81201434184672;-155.78092848722991,100.59609749149676;-148.96484132653063,101.8197610063925;-147.45756208818239,107.6385448287169;-141.7091816915259,108.60341718293417;-139.8202808299241,121.30516288720062;-123.70783974284059,134.00690859146707;-107.5953986557571,144.07161656925786;-89.10400126826434,154.13632454704867;-70.61260388077157,159.72618805766626;-54.99842440288339,165.31605156828385;-39.3842449249952,170.90591507890142;-23.77006544710701
87.1600869765337,-58.47304607595464,-0.42262,0.90631,65.29687113871164;-39.98176459382762,68.70214826907744;-41.94196314809885,76.25655208721093;-47.66927927412919,86.72984340069132;-58.70041396968882,92.06486689444301;-66.5361344030842,96.37037519276795;-74.98310097846313,99.57697109811228;-83.90580501728263,101.6332494283436;-93.16095855889394,102.50643060356296;-102.59992898165387,101.4571420898698;-117.77464315341662,99.27654312682806;-127.00069181068865,95.95007625631489;-135.87936067535233,93.22400047773401;-140.48017838252863,93.07142199296585;-141.51504331770215,91.52380557043068;-143.42908608847517,90.69408461618265;-145.6973102213002,90.55325299081777;-145.93209836029732,88.70532747925544;-150.04707577932274,88.53349688729604;-150.3056649534848,87.40964031685701;-152.5672956907474,89.19300925465838;-152.11103540372673,92.81201434184672;-155.78092848722991,100.59609749149676;-148.96484132653063,101.8197610063925;-147.45756208818239,107.6385448287169;-141.7091816915259,108.60341718293417;-139.8202808299241,121.30516288720062;-123.70783974284059,134.00690859146707;-107.5953986557571,144.07161656925786;-89.10400126826434,154.13632454704867;-70.61260388077157,159.72618805766626;-54.99842440288339,165.31605156828385;-39.3842449249952,170.90591507890142;-23.77006544710701,173.9740912721607;-7.208637077732369
168.28531419183696,2.6648063181868906,0.17365,0.98481,159.13577194772157;-56.64763517337936,159.72618805766626;-54.99842440288339,165.31605156828385;-39.3842449249952,170.90591507890142;-23.77006544710701,173.9740912721607;-7.208637077732369,177.04226746542003;9.352791291642273,180.11044365867932;25.914219661016926,180.37756616014045;47.51211702220917
-65.09668004349192,-132.54390570731846,-0.81915,0.57358,-114.50522232917088;-98.49976727730682,-103.8280622209236;-111.93602478083007,-90.31115536917997;-123.6764244886033,-76.79424851743634;-135.41682419637655,-63.2773416656927;-147.1572239041498,-51.886900756867476;-154.22419322033915,-40.49645984804224;-161.2911625365285,-38.07890851116643;-163.5192231150983,-25.386426678805574;-169.8908694100509,-24.46823936756435;-170.2385579837193,-21.64835630267498;-165.64942839868093,-20.2479787832252;-165.5965227997636,-27.122323221884407;-156.7331850455929,-31.463671975538507;-152.8172784099974,-36.88950010103706;-145.28678675884078,-41.34806884073396;-137.14654179739432,-44.77165213772945;-128.52071996809357,-47.99508079234256;-113.85970175485252,-48.39765797926094;-101.067772262696,-46.193418771603405;-86.22038841531509,-43.347821683063124;-77.38590989896302,-39.43749149162466;-68.9681138447221,-34.40311467428883;-60.934030422759825,-28.39706938048396;-53.59956130816263,-16.985665804307477;-43.54193302047324
-143.28258743215372,-46.71576676938895,-0.5,0.86603,-173.9138653212255;4.881566705737892,-169.5098431618938;-7.137796215663425,-162.7813587960259;-25.501031589713705,-151.51893120981902;-45.79754947106965,-140.2565036236121;-66.0940673524256,-128.11368982271594;-81.37471982856042,-115.97087602181978;-96.65537230469523
-40.18357409349085,-77.40321392721143,0.25882,0.96593,-42.7929357721336;-133.5061557935718,-44.77165213772945;-128.52071996809357,-47.99508079234256;-113.85970175485252,-48.39765797926094;-101.067772262696,-46.193418771603405;-86.22038841531509,-43.347821683063124;-77.38590989896302,-39.43749149162466;-68.9681138447221,-34.40311467428883;-60.934030422759825,-28.39706938048396;-53.59956130816263,-16.985665804307477;-43.54193302047324,-8.955446698218644;-38.5039413294336,-0.35306298670571756;-34.51773010369574,8.68344330763093;-31.647489287423465
19.337652395997907,-31.84375661426938,0.99619,0.08716,-21.426757719093928;-47.45616244652167,-16.985665804307477;-43.54193302047324,-8.955446698218644;-38.5039413294336,-0.35306298670571756;-34.51773010369574,8.68344330763093;-31.647489287423465,18.008956096782786;-29.939280220685895,33.217551100771;-29.678214131879727,42.59912293538949;-31.030646490295037,51.737241855889394;-33.555284014889565,60.485086527519314;-37.21193034033494,68.70214826907744;-41.94196314809885,76.25655208721093;-47.66927927412919,86.72984340069132;-58.70041396968882,92.06486689444301;-66.5361344030842
164.8339838147483,105.56944528121707,0.25882,-0.96593,138.9836717751654;155.67951877165177,180.6446886616016;69.11001438340142,177.59186487434266;91.06660807130336,174.11370324371728;102.90333004383407,170.63554161309193;114.74005201636477,161.753450555231;132.2208202805378,152.9066884278202;143.76987445938053,143.10406206896562;153.06431420222106,125.53577445938055;164.2148758620691,113.73826113383991;168.7186144360025,101.94074780829928;173.2223530099359,81.36213434248987;176.80675569842214,60.78352087668044;180.39115838690842,40.18277727138134;180.3511187414769,180.37756616014045;47.51211702220917
93.55547801869386,167.29516164068693,0.96593,-0.25882,150.08548395166073;146.44482238108833,143.10406206896562;153.06431420222106,125.53577445938055;164.2148758620691,113.73826113383991;168.7186144360025,101.94074780829928;173.2223530099359,81.36213434248987;176.80675569842214,60.78352087668044;180.39115838690842,40.18277727138134;180.3511187414769,180.37756616014045;47.51211702220917
-21.07799522032161,168.76482155400768,0.98481,0.17365,37.80559179128078;180.34649843914357,19.58203366608224;180.3110790960454,-1.0187099392168597;180.2710394506139,-6.1301162942649485;180.89494930317593,-19.13244453278553;179.08695327850134,-20.534051780245704;177.72321069549986,-38.55756876504989;172.55412304208082,-56.58108574985408;167.38503538866178,-74.60460273465827;162.2159477352427
-128.36316889273348,131.2884937643295,0.81915,0.57358,-76.40976972005167;161.6982315545204,-92.62811971946246;157.04686008182367,-112.68066745762725;147.1043238457044,-132.73321519579204;137.1617876095852,-150.17874307422574;124.32828123904164,-163.07071700759806;111.2238136177675,-172.91354237288155;96.35886802454714
-173.92262620567556,49.72236857503006,-0.08716,0.99619,-166.76911408986177;105.63837759003081,-172.91354237288155;96.35886802454714,-178.51788007013462;82.45255937463477,-181.8555949736998;65.4681264114553,-181.97752548217437;42.678313863237854,-179.10792650496805;26.951876510812355,-176.23832752776173;11.225439158386852,-169.5098431618938;-7.137796215663425
-243.73147208840933,35.46666741581919,0.0,-1.0,-249.45368110206041;95.46666741581919,-251.53003142638173;88.33808044760902,-253.11711617377165;74.27177477463447,-254.70420092116154;60.20546910165991,-253.35876296058078;39.89438080082995,-252.013325;19.583292499999995,-246.47003589011018;-2.496554327701414
-205.52031434207086,-77.99107789253968,0.5,-0.86603,-239.2673276396932;-28.19260554725277,-231.28851540947807;-45.5800245084951,-221.65028403873575;-66.58364786158738,-212.01205266799346;-87.58727121467966,-200.8193516927917;-103.14746884602353,-189.62665071758994;-118.70766647736738
185.40922260123807,-145.0075699399641,-0.5,-0.86603,153.74282002335832;-196.00727706911684,162.26393956682102;-188.4497813994477,173.231985803023;-174.38038915749033,184.20003203922502;-160.31099691553297,195.168078275427;-146.2416046735756,205.814574058618;-125.42656530321707,216.46106984180898;-104.61152593285854
103.10826745527834,-222.6056133632976,-0.86603,-0.5,49.44801056359134;-249.66378411948222,55.63390031249999;-248.533653125,71.795520625;-245.58100624999997,86.33566343749999;-240.00529531249998,100.87580624999998;-234.42958437500002,116.0362573201823;-225.21665573023532,131.19670839036462;-216.00372708547062,146.73032397859282;-202.22675424245915
-9.173749922423951,-238.4779404271613,-0.98481,0.17365,-68.21650861085183;-227.7989635653741,-55.182288241379126;-233.4348205499864,-34.91443462251553;-242.19842290924228,-14.44888854877227;-246.63169172933567,6.016657524970991;-251.06496054942906,22.74446876248549;-251.27563027471456,39.472279999999984;-251.48630000000003
-123.8072231614394,-178.5158159636763,-0.70711,0.70711,-172.56773622767673;-142.4231290299136,-167.24124876718642;-149.82806174005512,-152.10844605312428;-164.40462241003675,-136.97564333906215;-178.98118308001835,-121.84284062500001;-193.55774375,-106.37860770341425;-203.92890189691016,-90.91437478182849;-214.30006004382034
-130.8615907453788,-172.04931234506518,-0.70711,0.70711,-179.08233475650255;-135.4168563561889,-178.133;-136.87189999999998,-162.35234958333334;-153.27662041666667,-146.5716991666667;-169.68134083333337,-130.79104875000002;-186.08606125000003,-116.73671672708414;-196.41403263341533,-102.68238470416829;-206.7420040168306
-215.17186744209016,-99.40688612821705,0.5,-0.86603,-245.09205677777427;-47.39900766424013,-242.31907599942974;-55.989924135088714,-236.17039626980554;-75.03902623335007,-225.33666081800988;-95.96231359194387,-214.5029253662142;-116.88560095053766,-202.82932410414577;-132.07248156304283,-191.15572284207732;-147.259362175548
